Sum, Time
1000 0.00017955303192138672
1100 0.00019576549530029297
1200 0.00020818710327148439
1300 0.00022928714752197267
1400 0.00024497509002685547
1500 0.00027296543121337893
1600 0.0002947568893432617
1700 0.00031554698944091797
1800 0.0003209829330444336
1900 0.0003396749496459961
2000 0.00036406517028808594
Sum, double-ratio
1000 1.9599198470784378
1100 2.0376716579953498
1200 2.020612478552687
1300 2.003823152859408
1400 2.00623078856274
1500 1.9915164760027946
1600 1.9649304568542665
1700 1.991694798948503
1800 1.996811653896219
1900 1.9950547963394918
2000 1.95871115293837
